video2car1=[[2015, 1204, 2143, 1285,  14.0]; [2068, 1190, 2265, 1304,  15.0]; [2121, 1163, 2382, 1318,  16.0]; [2176, 1132, 2593, 1354,  17.0]; [2273, 1060, 2846, 1427,  18.0]; [2709, 1038, 3204, 1524,  19.0]; [2907, 929, 3640, 1699,  20.0]; [3107, 1049, 3634, 1549,  21.0]; [3218, 1096, 3687, 1554,  22.0]; [3198, 1090, 3762, 1552,  23.0]; [3112, 1074, 3576, 1429,  24.0]; [2993, 1065, 3451, 1429,  25.0]; [2965, 1027, 3384, 1421,  26.0]; [2937, 1010, 3354, 1415,  27.0]; [2940, 1057, 3368, 1418,  28.0]; [2934, 1038, 3287, 1399,  29.0]; [2921, 1021, 3304, 1385,  30.0]; [2909, 1021, 3301, 1371,  31.0]; [2929, 1024, 3326, 1404,  32.0]; [2937, 1057, 3271, 1357,  33.0]; [2998, 1018, 3257, 1354,  34.0]; [2912, 1071, 3287, 1385,  35.0]; [2896, 1057, 3296, 1396,  36.0]; [2909, 1060, 3282, 1371,  37.0]; [2904, 1052, 3257, 1390,  38.0]; [2921, 1057, 3246, 1377,  39.0]; [2915, 1057, 3259, 1374,  40.0]; [2876, 1049, 3282, 1410,  41.0]; [2918, 1068, 3282, 1404,  42.0]; [2893, 1046, 3243, 1368,  43.0]; [2912, 1043, 3276, 1385,  44.0]; [2896, 1074, 3201, 1388,  46.0]; [2857, 1077, 3223, 1413,  47.0]; [2793, 1049, 3229, 1527,  48.0]; [2693, 1054, 3082, 1521,  49.0]; [2596, 1063, 3001, 1535,  50.0]; [2382, 1046, 2882, 1493,  51.0]; [2343, 1032, 2796, 1554,  52.0]; [2118, 1029, 2818, 1529,  53.0]; [1693, 1057, 2640, 1452,  54.0]; [1501, 1074, 2298, 1385,  55.0]; [1382, 1015, 1837, 1274,  56.0]; [1212, 1035, 1496, 1215,  58.0]; [1201, 1029, 1507, 1210,  59.0]; [1193, 1027, 1498, 1229,  60.0]; [1198, 1027, 1526, 1199,  61.0]; [1190, 1013, 1512, 1235,  62.0]; [1212, 1018, 1501, 1199,  63.0]; [1171, 1027, 1484, 1193,  64.0]; [1184, 1007, 1551, 1202,  65.0]; [1187, 1027, 1521, 1238,  66.0]; [1162, 1046, 1507, 1229,  67.0]; [1221, 1049, 1534, 1279,  68.0]; [1240, 1063, 1512, 1260,  69.0]; [1162, 1052, 1501, 1277,  70.0]; [1187, 1082, 1473, 1268,  71.0]; [1146, 1088, 1473, 1263,  72.0]; [1132, 1110, 1384, 1232,  73.0]; [1118, 1077, 1296, 1171,  74.0]];
video2car2=[[2062, 1046, 2293, 1190,  56.0]; [1682, 977, 2118, 1413,  58.0]; [1584, 957, 2182, 1546,  59.0]; [1512, 946, 2187, 1521,  60.0]; [1579, 952, 2251, 1524,  61.0]; [1529, 990, 2223, 1440,  62.0]; [1543, 988, 2246, 1499,  63.0]; [1532, 979, 2232, 1432,  64.0]; [1532, 990, 2201, 1490,  65.0]; [1579, 988, 2248, 1513,  66.0]; [1526, 996, 2221, 1565,  67.0]; [1537, 1018, 2240, 1582,  68.0]; [1471, 1074, 2201, 1632,  69.0]; [1648, 1057, 2207, 1624,  70.0]; [1426, 1054, 2082, 1718,  71.0]; [1334, 1085, 1968, 1485,  72.0]; [1293, 1118, 1748, 1346,  73.0]; [1159, 1140, 1643, 1302,  74.0]; [1101, 1110, 1537, 1268,  75.0]; [1084, 1088, 1412, 1243,  76.0]; [1087, 1054, 1276, 1182,  77.0]];
video2car3=[[3087, 1021, 3309, 1190,  59.0]; [3073, 1013, 3384, 1190,  60.0]; [3096, 979, 3468, 1210,  61.0]; [3048, 979, 3479, 1257,  62.0]; [3054, 957, 3565, 1277,  63.0]; [3076, 957, 3404, 1188,  64.0]; [3040, 1010, 3434, 1218,  65.0]; [3065, 1010, 3471, 1207,  66.0]; [3082, 1007, 3540, 1274,  67.0]; [3062, 1057, 3418, 1252,  68.0]; [3076, 1079, 3354, 1232,  69.0]; [3068, 1102, 3384, 1296,  70.0]; [3046, 1038, 3404, 1299,  71.0]; [3101, 1118, 3432, 1349,  72.0]; [3098, 1124, 3609, 1404,  73.0]; [3218, 1157, 3823, 1638,  74.0]; [32, 1135, 490, 1774,  75.0]; [290, 1096, 784, 1493,  76.0]; [584, 1104, 893, 1382,  77.0]];
video2car4=[[1237, 1077, 1454, 1179,  160.0]; [1265, 1071, 1504, 1179,  161.0]; [1337, 1093, 1568, 1190,  162.0]; [1373, 1077, 1668, 1185,  163.0]; [1432, 1054, 1818, 1204,  164.0]; [1518, 1060, 1846, 1210,  165.0]; [1509, 1052, 1943, 1218,  166.0]; [1557, 1065, 1926, 1215,  167.0]; [1584, 1018, 1909, 1204,  169.0]; [1540, 1032, 1921, 1202,  170.0]; [1568, 1032, 1934, 1182,  171.0]; [1526, 1015, 1909, 1182,  172.0]; [1548, 1010, 1929, 1157,  173.0]; [1534, 1038, 1909, 1188,  174.0]; [1554, 1015, 1946, 1179,  176.0]; [1559, 1040, 1907, 1196,  177.0]; [1482, 1004, 1940, 1168,  178.0]; [1546, 1021, 1915, 1163,  179.0]; [1573, 977, 1896, 1174,  180.0]; [1509, 1024, 1962, 1185,  181.0]; [1415, 1013, 1915, 1274,  182.0]; [1079, 1071, 1915, 1321,  183.0]; [654, 1077, 2054, 1699,  184.0]; [90, 1104, 1059, 1763,  185.0]; [46, 1035, 393, 1315,  186.0]];
video2car5=[[1771, 1046, 1915, 1127,  183.0]; [1732, 1074, 1918, 1132,  184.0]; [1757, 1079, 1896, 1143,  185.0]; [1729, 1063, 1896, 1168,  186.0]; [1648, 1060, 1907, 1179,  187.0]; [1471, 977, 1832, 1185,  189.0]; [1354, 932, 1765, 1127,  190.0]; [1390, 938, 1757, 1104,  191.0]; [1393, 893, 1787, 1138,  192.0]; [1304, 940, 1779, 1152,  193.0]; [1362, 902, 1762, 1127,  194.0]; [1382, 921, 1779, 1143,  195.0]; [1323, 924, 1793, 1107,  196.0]; [1268, 949, 1798, 1146,  197.0]; [1434, 918, 1746, 1118,  198.0]; [1293, 927, 1815, 1132,  199.0]; [1368, 899, 1809, 1099,  200.0]; [1309, 932, 1765, 1127,  201.0]; [1284, 924, 1773, 1104,  202.0]; [1323, 971, 1804, 1129,  203.0]; [1373, 949, 1843, 1127,  204.0]; [1334, 921, 1801, 1104,  205.0]; [1298, 940, 1818, 1107,  206.0]; [1293, 915, 1834, 1143,  207.0]; [1287, 943, 1821, 1124,  208.0]; [1273, 943, 1801, 1129,  209.0]; [1326, 943, 1815, 1124,  210.0]; [1304, 960, 1809, 1099,  211.0]; [1315, 979, 1879, 1132,  212.0]; [1323, 943, 1801, 1104,  213.0]; [1315, 943, 1787, 1113,  214.0]; [1382, 921, 1801, 1135,  215.0]; [1262, 949, 1812, 1118,  216.0]; [1304, 952, 1807, 1093,  217.0]; [1315, 954, 1823, 1129,  218.0]; [1279, 949, 1790, 1110,  219.0]; [1301, 938, 1801, 1143,  220.0]; [1298, 929, 1793, 1099,  221.0]; [1334, 965, 1846, 1110,  222.0]; [1337, 971, 1848, 1149,  223.0]; [1348, 974, 1807, 1115,  224.0]; [1398, 960, 1843, 1138,  225.0]; [1459, 974, 1815, 1132,  226.0]; [1429, 1010, 1846, 1154,  227.0]; [1459, 999, 1871, 1152,  228.0]; [1462, 977, 1843, 1143,  229.0]; [1487, 971, 1868, 1146,  230.0]; [1509, 1015, 1859, 1149,  231.0]; [1501, 1021, 1859, 1132,  232.0]; [1526, 1013, 1896, 1143,  233.0]; [1559, 1035, 1929, 1143,  234.0]; [1523, 1004, 1896, 1129,  235.0]; [1507, 1007, 1890, 1171,  236.0]; [1548, 1043, 1893, 1165,  237.0]; [1546, 1021, 1873, 1143,  238.0]; [1607, 1029, 1859, 1124,  239.0]; [1584, 1032, 1854, 1129,  240.0]; [1551, 1007, 1840, 1129,  241.0]; [1601, 1007, 1890, 1152,  242.0]; [1568, 1015, 1898, 1146,  243.0]; [1576, 1010, 1887, 1152,  244.0]; [1554, 1018, 1832, 1149,  245.0]; [1593, 985, 1854, 1118,  246.0]; [1554, 1004, 1882, 1143,  247.0]; [1587, 996, 1876, 1135,  248.0]; [1548, 982, 1876, 1104,  249.0]; [1579, 993, 1826, 1104,  250.0]; [1554, 990, 1890, 1143,  251.0]; [1557, 960, 1879, 1113,  252.0]; [1571, 993, 1893, 1113,  253.0]; [1521, 996, 1918, 1152,  254.0]; [1521, 993, 1851, 1113,  255.0]; [1584, 993, 1862, 1132,  256.0]; [1543, 993, 1829, 1127,  257.0]; [1548, 1027, 1879, 1127,  258.0]; [1587, 990, 1846, 1118,  259.0]; [1579, 985, 1843, 1082,  260.0]; [1562, 1007, 1890, 1099,  261.0]; [1559, 974, 1854, 1124,  262.0]; [1546, 1007, 1790, 1138,  263.0]; [1571, 993, 1796, 1121,  264.0]; [1562, 965, 1840, 1135,  265.0]; [1543, 979, 1890, 1118,  266.0]; [1540, 954, 1868, 1149,  267.0]; [1537, 990, 1854, 1102,  268.0]; [1571, 968, 1846, 1115,  269.0]; [1559, 979, 1832, 1093,  270.0]; [1537, 999, 1826, 1115,  271.0]; [1548, 1013, 1918, 1118,  272.0]; [1596, 988, 1821, 1102,  273.0]; [1573, 999, 1884, 1165,  274.0]; [1534, 974, 1871, 1163,  275.0]; [1493, 1010, 1837, 1163,  276.0]; [1448, 1038, 1829, 1185,  277.0]; [1507, 1088, 1776, 1218,  278.0]; [1465, 1104, 1721, 1249,  279.0]; [1487, 1110, 1734, 1249,  280.0]; [1471, 1157, 1773, 1285,  281.0]; [1421, 1146, 1790, 1307,  282.0]; [1432, 1182, 1754, 1299,  283.0]; [1454, 1185, 1748, 1299,  284.0]; [1448, 1190, 1832, 1382,  285.0]; [1426, 1232, 1759, 1365,  286.0]; [1434, 1265, 1776, 1402,  287.0]; [1448, 1343, 1848, 1468,  288.0]; [1401, 1449, 1812, 1643,  290.0]; [1459, 1543, 1743, 1671,  291.0]; [1448, 1640, 1757, 1796,  292.0]; [1423, 1688, 1757, 1865,  293.0]];
